00101110
00001011
10111000
01011001
10101000
01100010
10100000
00000110
11101000
11001100
10111110
11001111
01100010
10011101
10010011
10000111
01000110
00111111
01110011
00111010
11001101
11111011
00001000
10001001
00010110
11001101
11111100
00010001
11110000
00000101
10101110
11001000
10001000
11100010
11100101
10100000
00100011
00111000
00101110
00001011
00011011
10011101
11110000
01011010
01101001
11111011
11110001
10101101
11111100
11000100
01010110
10101001
00111110
01001011
10101101
10000111
01101001
10011010
10111111
10010101
10001101
10010101
10000011
00010101
10110111
11111110
01011010
11111000
01011000
11100010
01110100
01101001
00111000
00100000
01001111
10111001
11001000
10110001
00000010
11010111
11101011
11000101
00001011
01100000
10110100
10111010
00111001
01000101
10101100
01111010
10011111
00111100
00101101
11010100
11000100
11101110
00011100
00101110
00011001
01111101
00110001
11100100
00011001
00001011
10001110
11000101
01010000
00101110
01010110
00110110
10000010
11100111
10100000
00011010
01100100
00001110
10000000
01101110
11111110
11001111
01111100
11100100
00100011
01100011
11101100
11101010
10110110
10011110
01011000
11101111
00100000
10111010
10100101
11010100
01100110
10111111
11010101
01010010
10001101
11111010
10001100
01010100
10011110
01011100
11000001
01101010
01111110
10110001
11111000
01010100
11010110
10111100
11110011
00001000
01011011
10101001
01001000
00111011
10110101
10011111
10010111
10101000
00001100
01011001
01110011
00111101
10110110
11011010
01001000
10111010
00100011
11010101
00100011
10010110
01011101
11001110
10000000
01111101
11100000
01011010
01110011
11110110
00001011
11111000
00110000
10101010
10010110
10101100
01011100
10011110
11001111
00000101
00010101
11111001
10100110
00111011
01100111
00011111
01000100
01000010
01010101
00100111
01011001
00011111
11100001
00011000
11101101
01100110
00001100
01010111
10111100
11001011
10001011
10101111
11100100
00001110
01001101
00001100
00110010
10111000
10111000
11100000
10010101
00010010
11101011
11001100
01001001
10001011
11111011
10110110
11010110
01101110
01111000
10001111
01000101
10111111
10000000
10100101
01001110
00100011
01111001
01011100
11001001
11000111
10101010
00100010
00000101
10001111
01001101
11110000
11111010
01001001
11001100
11100101
10011000
11100001
11110001
10001100
10111010
10010011
00000111
01110010
10100101
10000101
01011111
11101111
11010100
11011001
01011111
10010111
11011111
11101110
10101010
00110101
10100111
00010010
01101000
10101010
11101110
11001111
01111100
11000001
01101010
11111000
11111100
11011100
01100011
01110100
00111111
11001000
11100001
11101001
10001110
10011001
00100110
11100101
01110011
00110100
11100101
11000010
11100001
01001001
10101100
10101001
00011111
01101000
01000110
10110111
01001000
11100101
11010011
01100011
01111111
10110001
11010101
10011011
10010011
01010011
01110100
10110110
11100010
10111000
00000101
10101100
01110000
01110000
00011110
11010000
01010011
00111111
01010111
01100000
10001011
10001111
01100101
01100110
10000011
10101000
11110010
10111000
01100110
11010100
00100010
00001111
00010101
00101010
01010011
01001101
00000011
10001010
00011000
00100101
10100001
11011011
11111000
10010010
11111110
10001101
10000011
01010100
01101110
01111101
00010010
11100010
00010000
01101111
11010011
01100101
10011100
11010001
11100010
11101101
00110001
01000010
11100101
10010111
10000000
10011100
11010001
10001000
00110100
01110100
01101101
11110110
10011110
10110001
10111000
01011000
10000100
10001110
00101000
10001111
10110001
01101101
11010101
10111011
01011100
01110100
01100011
11000110
10111011
01101110
10110001
11110001
11001000
10110100
00011100
01100011
10010111
01110101
00001101
00111010
11010101
00000100
11011100
00010100
10101011
10000000
00111000
10010010
00011111
10101011
10011001
00001110
00001110
00100111
00000101
01101111
11010100
10011101
10000101
11011100
00011001
11101000
00011100
10000100
00100101
10001111
00000001
11000100
11011000
11101010
11111100
10000001
01000101
00011010
10000010
10010101
11000011
00010101
10101001
10000100
00101100
11101111
10010111
01110000
11110000
10100111
01110011
11010110
10001000
10001101
10101101
01011110
00111101
10010100
11011101
01101000
00011101
01110001
01001101
01100110
11010101
01100111
01100011
01011100
00100100
01000010
00010110
01101101
01000010
01001100
01101100
00011110
01111110
10110100
00111110
11001000
00010011
01100100
00000001
00111000
00000000
00110000
00100100
01000100
00101101
00100011
10011001
11100110
11110000
00111000
01111011
01100000
10000110
01000100
00010001
01101111
00101100
00000111
11110011
01101110
