00000000000000001011001111001101
00000000000000001011110010011100
00000000000000001011100010101011
00000000000000001010101101101011
00000000000000000111111001100100
00000000000000000101100001111111
00000000000000001001000000011000
00000000000000000010100101110111
00000000000000000010111010000011
00000000000000000010000101001110
00000000000000000011001100100000
00000000000000000001010010111111
00000000000000000001011001111100
00000000000000000001010000101000
00000000000000000000110110001110
00000000000000000000110001010010
00000000000000000100111110010001
00000000000000001101011011110101
00000000000000001111011000011110
00000000000000001000101011001011
00000000000000001001000001001000
00000000000000001000011011110100
00000000000000000101000101100101
00000000000000000110000011101000
00000000000000000010001110011100
00000000000000000010110100011000
00000000000000000010100100110110
00000000000000000001111101101110
00000000000000000000100010110101
00000000000000000000110001010110
00000000000000000001000011111110
00000000000000000000101011011011
00000000000000001001000111011111
00000000000000001000011111001101
00000000000000000011010010000101
00000000000000001101001111101111
00000000000000001010011110100110
00000000000000001101110000100100
00000000000000000100010010111111
00000000000000000111000010001001
00000000000000000011001011100000
00000000000000000100101111101010
00000000000000000001111000111101
00000000000000000011000000110110
00000000000000000001000001010011
00000000000000000001011010110110
00000000000000000000101100000111
00000000000000000000111000001010
00000000000000000111101100100110
00000000000000001001000011011011
00000000000000000111000001101000
00000000000000001000111100111100
00000000000000000110101110010101
00000000000000001000010010100010
00000000000000000100011000001000
00000000000000000001101001001000
00000000000000000001110011001010
00000000000000000011000111001101
00000000000000000001100001011011
00000000000000000001011010100000
00000000000000000000110111010010
00000000000000000001010000111110
00000000000000000001000010010010
00000000000000000000110100010010
00000000000000001100001111001010
00000000000000000110101000111101
00000000000000001010001001100010
00000000000000001100000000001001
00000000000000001011100011110110
00000000000000001010010100010110
00000000000000000111100000111001
00000000000000001011111110111110
00000000000000000011100111011010
00000000000000000011110110011110
00000000000000000010011000111110
00000000000000000100001000100101
00000000000000000001100011000011
00000000000000000000111111000001
00000000000000000001001100011001
00000000000000000001100000110001
00000000000000000100010101001101
00000000000000001011001000111010
00000000000000000101011111001011
00000000000000001110010100010100
00000000000000000111110110010101
00000000000000000110100100010111
00000000000000001100011001101110
00000000000000001010001011010010
00000000000000000010101010100111
00000000000000000010101100001110
00000000000000000010111100000010
00000000000000000011101101111011
00000000000000000000110110000001
00000000000000000001010001011010
00000000000000000000110000101100
00000000000000000001100100111011
00000000000000001010010010100011
00000000000000000010101001111101
00000000000000001011000101010110
00000000000000000100111011111100
00000000000000000100000111000000
00000000000000000100011001000111
00000000000000001000100110011110
00000000000000001000010001000000
00000000000000000001101110110011
00000000000000000010010001100010
00000000000000000010111001010001
00000000000000000001110110101001
00000000000000000000110111001000
00000000000000000000110101111001
00000000000000000001001000110110
00000000000000000000011001100101
00000000000000001001100000110110
00000000000000001010110101111010
00000000000000000110001100001111
00000000000000001000000010101001
00000000000000001100001101110000
00000000000000001001000110010110
00000000000000001100110100001000
00000000000000001001111011000101
00000000000000000100100110010101
00000000000000000011011101101011
00000000000000000011011011100100
00000000000000000011000011111011
00000000000000000001011101101000
00000000000000000000111100101110
00000000000000000000110110110001
00000000000000000001001000100000
00000000000000000110100001110001
00000000000000001100110101101111
00000000000000001110110001100011
00000000000000001110111010100111
00000000000000000110000111000001
00000000000000000101111110010001
00000000000000001011000010010001
00000000000000000101101000011101
00000000000000000010010010100001
00000000000000000010101101100110
00000000000000000011111100010100
00000000000000000010110111001100
00000000000000000000101101011011
00000000000000000001001110010111
00000000000000000001100000100010
00000000000000000001010011100001
00000000000000001011011001100000
00000000000000000101001110001111
00000000000000001100110111011110
00000000000000001100111011011010
00000000000000000101110110010101
00000000000000001000100111110110
00000000000000000100010110001111
00000000000000001101010101100010
00000000000000000010001111010110
00000000000000000011011100001010
00000000000000000010011101010001
00000000000000000100100010110100
00000000000000000000110011011010
00000000000000000001010001110101
00000000000000000001001000011110
00000000000000000001010011111100
00000000000000000111110111011011
00000000000000000111100101111010
00000000000000000110011001010110
00000000000000000111101001100010
00000000000000001000000001111001
00000000000000001001010000100000
00000000000000001000001111001111
00000000000000001100010001111001
00000000000000000010111101010100
00000000000000000011001101111101
00000000000000000001011110101110
00000000000000000011101100100010
00000000000000000000110001110111
00000000000000000001001010010010
00000000000000000000011010001100
00000000000000000000110100000111
00000000000000000101101000000000
00000000000000001000100110100111
00000000000000001000101011000011
00000000000000001011000101111100
00000000000000001100110101011000
00000000000000001011001101101111
00000000000000001011110000100000
00000000000000001010011000000010
00000000000000000100000011001101
00000000000000000011100010101001
00000000000000000011111110011100
00000000000000000011000101100111
00000000000000000001000010110001
00000000000000000000111010001111
00000000000000000001010010001001
00000000000000000001001011000100
00000000000000001001100011110000
00000000000000001000000101100001
00000000000000001010001100000011
00000000000000001101000100000010
00000000000000001010011011001111
00000000000000001000010111001101
00000000000000000111000111100011
00000000000000001100000011001101
00000000000000000011011110000000
00000000000000000011001010000010
00000000000000000010010001000110
00000000000000000011001100110010
00000000000000000001010110100001
00000000000000000001000110111010
00000000000000000000101000010011
00000000000000000000111111000010
00000000000000000111011100001110
00000000000000000111101010001111
00000000000000000101010100001001
00000000000000001010110010011100
00000000000000000010010111011111
00000000000000001100101101111001
00000000000000000101110110111001
00000000000000000101001111010111
00000000000000000001011011101111
00000000000000000011101000001100
00000000000000000010000010111010
00000000000000000010000001001000
00000000000000000000010101101001
00000000000000000001000101101100
00000000000000000000100010001010
00000000000000000000111010111101
00000000000000001011111001010101
00000000000000001011000010001001
00000000000000001010001110000001
00000000000000001010010010011100
00000000000000000011110111110111
00000000000000001100000111001110
00000000000000001011110010010010
00000000000000000111001001001110
00000000000000000001111001101000
00000000000000000011100000000101
00000000000000000011011101000001
00000000000000000010100101010010
00000000000000000000100100101110
00000000000000000001001101100110
00000000000000000000111001000000
00000000000000000000111100001010
00000000000000000001100110101011
00000000000000000101100110000010
00000000000000000010000100011101
00000000000000000101011101011001
00000000000000000101101101010010
00000000000000000110110111010110
00000000000000000110111011001001
00000000000000001101001101110011
00000000000000000010010010101011
00000000000000000010011101111110
00000000000000000010000101101101
00000000000000000011010110010111
00000000000000000001000111110010
00000000000000000000110000011100
00000000000000000000101111001001
00000000000000000001000001100101
