00000000000000010000001111110110
00000000000000001011111100101001
00000000000000001000100110010110
00000000000000001010000010100111
00000000000000001001001101011010
00000000000000001000011001001000
00000000000000001000110100010110
00000000000000001100011010000111
00000000000000000011101100100110
00000000000000000010100000001010
00000000000000000010010111001110
00000000000000000100000101101100
00000000000000000001010110010001
00000000000000000000100100010010
00000000000000000001000101101011
00000000000000000001011110111101
00000000000000000110011011011101
00000000000000000111101001001010
00000000000000001010110111110001
00000000000000001011110110001100
00000000000000001011010101111100
00000000000000001000011001110010
00000000000000001001110101011011
00000000000000000110010011001110
00000000000000000011010111111010
00000000000000000001110111100111
00000000000000000011000111000100
00000000000000000010010010111011
00000000000000000001010010100100
00000000000000000000100011111111
00000000000000000001000000100100
00000000000000000000110101000011
00000000000000001000100000001000
00000000000000000100111100110011
00000000000000001101101011001010
00000000000000000111001100000111
00000000000000000100110100101001
00000000000000001001000010010011
00000000000000001011110101111001
00000000000000000110100111011011
00000000000000000010100000000011
00000000000000000010111010110100
00000000000000000100000101010001
00000000000000000001111001101011
00000000000000000001001010111010
00000000000000000000101110110100
00000000000000000001100011000001
00000000000000000000111001111001
00000000000000000111010110001001
00000000000000001100011101011000
00000000000000000110000100101100
00000000000000000110111101110011
00000000000000000011101111000010
00000000000000001110000011101100
00000000000000000011101111101010
00000000000000001010110101011101
00000000000000000001110010100100
00000000000000000100010110100011
00000000000000000001000110001110
00000000000000000010111111111110
00000000000000000000101101101110
00000000000000000001101100111001
00000000000000000000010110010000
00000000000000000001000010111100
00000000000000001101111100011101
00000000000000001010000100000111
00000000000000000111011100101010
00000000000000000101101000001000
00000000000000000101000000100110
00000000000000000011011111001110
00000000000000000011100001001010
00000000000000000010101000111000
00000000000000000001100110111011
00000000000000000010000111011100
00000000000000000001100010011101
00000000000000000001101001010111
00000000000000000000101000011000
00000000000000000000101101111001
00000000000000000000101010111011
00000000000000000000010001101001
00000000000000001011101010110011
00000000000000000001010000111101
00000000000000000100000011000101
00000000000000000101110001100000
00000000000000000110101000100110
00000000000000000110110110101001
00000000000000001100101111001000
00000000000000001011010011110000
00000000000000000010011011000001
00000000000000000001101100110000
00000000000000000011110111011100
00000000000000000011100111001110
00000000000000000000111000011010
00000000000000000000011101010010
00000000000000000001011011111000
00000000000000000001000010101001
00000000000000001000110110000011
00000000000000001011100001000110
00000000000000001110100011110001
00000000000000001001101111100011
00000000000000001001010000110110
00000000000000001001000100100100
00000000000000001000110100110010
00000000000000001000111011100000
00000000000000000010111010100110
00000000000000000010110010010100
00000000000000000011100010100100
00000000000000000010111101000011
00000000000000000000111111010110
00000000000000000000110011111001
00000000000000000001011101100010
00000000000000000000111000011011
00000000000000000111101110011101
00000000000000001000111011001011
00000000000000000110100010101100
00000000000000000101100001111111
00000000000000000011101011111011
00000000000000000110000111110101
00000000000000001011010001011000
00000000000000000010110001100100
00000000000000000010011111110000
00000000000000000011000000111010
00000000000000000011010000111000
00000000000000000001010100111011
00000000000000000001001001110010
00000000000000000001001000000111
00000000000000000001000010101000
00000000000000000000101111111001
00000000000000000010100010000000
00000000000000001001100010111011
00000000000000000101010010101101
00000000000000001100001011111010
00000000000000000100110101000000
00000000000000001101011000100100
00000000000000001101000100000101
00000000000000001101111000100001
00000000000000000001111111111100
00000000000000000011111000000110
00000000000000000011111110011010
00000000000000000100011100010111
00000000000000000000111011101011
00000000000000000001000111000101
00000000000000000001011001010000
00000000000000000001000111110010
00000000000000001001101110010010
00000000000000001011001000101110
00000000000000000101011010110110
00000000000000000100111011010011
00000000000000001011101101101110
00000000000000000001101100001100
00000000000000001010011010001011
00000000000000000111110101101111
00000000000000000100010101100010
00000000000000000001010000011011
00000000000000000010110001011010
00000000000000000001111011101010
00000000000000000001100100000111
00000000000000000000011111110100
00000000000000000001000110001001
00000000000000000000110001010011
00000000000000000101100110100101
00000000000000001101100011010000
00000000000000000100101110000100
00000000000000000101010000101000
00000000000000000011110101100110
00000000000000000101100111100110
00000000000000001000010101011010
00000000000000000110101011111000
00000000000000000001011100000011
00000000000000000010100010100011
00000000000000000010111001110111
00000000000000000010111011011100
00000000000000000001000010011011
00000000000000000001010010101100
00000000000000000000100111110100
00000000000000000001001001111101
00000000000000000010010011011100
00000000000000000111111110001111
00000000000000001100010010010001
00000000000000001101011100011001
00000000000000000011000100011001
00000000000000001000000010000111
00000000000000001101011100000111
00000000000000000100111011100001
00000000000000000001100011000101
00000000000000000010001101110110
00000000000000000100100000011000
00000000000000000001111011111101
00000000000000000000011000111110
00000000000000000000101110101101
00000000000000000001011011010100
00000000000000000000100001011111
00000000000000001010110111110110
00000000000000000101000011101110
00000000000000000111101011011101
00000000000000000011010001100000
00000000000000001000101001001011
00000000000000000010100000101010
00000000000000001100010111101110
00000000000000001010101111101111
00000000000000000011011100110010
00000000000000000010000011111001
00000000000000000100010010000110
00000000000000000011010000000100
00000000000000000001001111101110
00000000000000000000110110001100
00000000000000000001011011101011
00000000000000000000110100100001
00000000000000000110011000010000
00000000000000001010011001010010
00000000000000000111111010110100
00000000000000001100010011111111
00000000000000001011011010011010
00000000000000001011001110001001
00000000000000000011000111000011
00000000000000000111110011000101
00000000000000000011011110110000
00000000000000000011000001010110
00000000000000000001001111100001
00000000000000000010010101000000
00000000000000000000111010011000
00000000000000000001000101011110
00000000000000000000110110001001
00000000000000000000100001011011
00000000000000000100111000000101
00000000000000001100110100110110
00000000000000001000010011101001
00000000000000000011001001110110
00000000000000000110101110001110
00000000000000001000101111000111
00000000000000000101110101001001
00000000000000001011111011101111
00000000000000000010011110111110
00000000000000000010111011100111
00000000000000000010101110101100
00000000000000000011001101111111
00000000000000000000101110100000
00000000000000000001010101001000
00000000000000000000101111110101
00000000000000000001010001000011
00000000000000001011101010110101
00000000000000000111110110111001
00000000000000001001100011011010
00000000000000001001000101111001
00000000000000001000110011010100
00000000000000001100100000010011
00000000000000000100101110011100
00000000000000000110010111001111
00000000000000000010101100100100
00000000000000000011110111111011
00000000000000000010010101011001
00000000000000000010011010000100
00000000000000000000111100000110
00000000000000000001001100001111
00000000000000000001000110111110
00000000000000000000101100011000
00000000000000001000101010110000
00000000000000001001111110111011
00000000000000001011000000001001
00000000000000001101111011001001
00000000000000000011111000110000
00000000000000000010101101110000
00000000000000000111000011000101
00000000000000000010010001010001
00000000000000000001110111010111
00000000000000000001101111101110
00000000000000000010010101110000
00000000000000000001111101101010
00000000000000000000110000010111
00000000000000000000101100011111
00000000000000000001000010101100
00000000000000000000101110110100
00000000000000001001010011111001
00000000000000001001101011111111
00000000000000000111001110101010
00000000000000000010110100101011
00000000000000001100000010000111
00000000000000000110110110000111
00000000000000001101000000100000
00000000000000000110101110101101
00000000000000000011001111011100
00000000000000000010101011100000
00000000000000000011101010100001
00000000000000000010011111010010
00000000000000000001010101110101
00000000000000000000111001001110
00000000000000000001011001110000
00000000000000000001000011100111
00000000000000001000110011010011
00000000000000000111000111101111
00000000000000001011010110111110
00000000000000000111110000110110
00000000000000000101100111100100
00000000000000001000011011010100
00000000000000001010100001100101
00000000000000000101101011111011
00000000000000000010100111011110
00000000000000000011000011010101
00000000000000000011100100001000
00000000000000000010010101111111
00000000000000000000101100101001
00000000000000000001001011110010
00000000000000000000111110000011
00000000000000000000101000011100
00000000000000001010101011011011
00000000000000001100110100101100
00000000000000001000000101011110
00000000000000001100101001110011
00000000000000000101011110101000
00000000000000001001100100000000
00000000000000001100000000100000
00000000000000001000001110111011
00000000000000000010001111111101
00000000000000000011101011001010
00000000000000000100000000110101
00000000000000000011000000000001
00000000000000000001010010110101
00000000000000000001011110111011
00000000000000000001011100010100
00000000000000000000111110001101
00000000000000000010010010101100
00000000000000000111001000000001
00000000000000000100100101010101
00000000000000000110011110101110
00000000000000001000011010001111
00000000000000000100110101100110
00000000000000001000011001111011
00000000000000000101101011010000
00000000000000000010011000000110
00000000000000000001110000101110
00000000000000000010011111000101
00000000000000000010010000011000
00000000000000000000100010011100
00000000000000000000100101101100
00000000000000000001001100111100
00000000000000000000111101101100
00000000000000001110100000001000
00000000000000000111110000101111
00000000000000001110001001000000
00000000000000001100011001001011
00000000000000000110100111001101
00000000000000000011111011111100
00000000000000001000110001001001
00000000000000000110101100100011
00000000000000000010100110101100
00000000000000000001000111100100
00000000000000000011000110011000
00000000000000000011000100110100
00000000000000000001010111100010
00000000000000000000011110100111
00000000000000000001000101011000
00000000000000000001000101100001
00000000000000001010100010000111
00000000000000001110000110110101
00000000000000001010010011101001
00000000000000000101001100101110
00000000000000001000110011001001
00000000000000000100001100110101
00000000000000001000110111111111
00000000000000001000101101111001
00000000000000000010111111001100
00000000000000000001010110100001
00000000000000000011101010000011
00000000000000000010110111010010
00000000000000000001001001011010
00000000000000000000101000011000
00000000000000000001000001000100
00000000000000000001001110110111
00000000000000000110000111110100
00000000000000000010111010000000
00000000000000001010111110110011
00000000000000000010101110010000
00000000000000001111000010011101
00000000000000000011010110101111
00000000000000000100100111100011
00000000000000000001011111001010
00000000000000000100010011001110
00000000000000000000111110110000
00000000000000000001100101000001
00000000000000000001000100000100
00000000000000000001001100111111
00000000000000000000001101101101
00000000000000000000110100010011
00000000000000000000110100101110
00000000000000001011100101010101
00000000000000001010111100010000
00000000000000001010100001101111
00000000000000000011111101000111
00000000000000000110101110110111
00000000000000001000001100001010
00000000000000001010001010000111
00000000000000001001111111000101
00000000000000000001100111101000
00000000000000000010101010010001
00000000000000000011100101111010
00000000000000000010100000111010
00000000000000000000011110010001
00000000000000000000110011110001
00000000000000000001001111110111
00000000000000000000111110011010
00000000000000001100001000100110
00000000000000001101010101100011
00000000000000001101011111001010
00000000000000000011101111010001
00000000000000000100101000000111
00000000000000001000010101110001
00000000000000001000100001010011
00000000000000001001101111011010
00000000000000000010001010111001
00000000000000000010101000110101
00000000000000000010110000101001
00000000000000000010100000010001
00000000000000000001000000110101
00000000000000000000111101110100
00000000000000000000110000101001
00000000000000000000101010100101
00000000000000001001101111001010
00000000000000001001111010100111
00000000000000001000100011110001
00000000000000001011010110110111
00000000000000001000001100000001
00000000000000000110000001110100
00000000000000000100101100001001
00000000000000001000011100001000
00000000000000000011000000000101
00000000000000000001011010110101
00000000000000000010000110101101
00000000000000000010000001001111
00000000000000000000101110111001
00000000000000000000100111011111
00000000000000000001000001100001
00000000000000000000110010100000
00000000000000000100011011101000
00000000000000001010010110000101
00000000000000000110111110010100
00000000000000000101011011010110
00000000000000000010000001001110
00000000000000000010101000011000
00000000000000000010101110100010
00000000000000000010001010100111
00000000000000000000110101000011
00000000000000000001010000000101
00000000000000000001101100000001
00000000000000000001010110100100
00000000000000000000100001001101
00000000000000000000100100100110
00000000000000000000100111011111
00000000000000000000011111011101
00000000000000000101100000101011
00000000000000001010110100111001
00000000000000000101010000011111
00000000000000001011100001111110
00000000000000001001101000000000
00000000000000000111100010011011
00000000000000001000111110010110
00000000000000000110101001100000
00000000000000000011110010001010
00000000000000000001111101011111
00000000000000000010001011001110
00000000000000000010110110011010
00000000000000000001010010101000
00000000000000000000101011001010
00000000000000000000110111010010
00000000000000000001010100001100
00000000000000001110001110000101
00000000000000001010001100011100
00000000000000001000111000001100
00000000000000001000000110011001
00000000000000001000010110101110
00000000000000000110100011001001
00000000000000000111001001010110
00000000000000001000100100110011
00000000000000000010110010000101
00000000000000000010000110111000
00000000000000000010010101110010
00000000000000000011000011001110
00000000000000000001010100001010
00000000000000000000101000001011
00000000000000000000110000001011
00000000000000000001010011111101
00000000000000000111110000101110
00000000000000001010101010010110
00000000000000000010010101001010
00000000000000001111010100110110
00000000000000001001011100001010
00000000000000001001011010101011
00000000000000000110100110011110
00000000000000000110001100001001
00000000000000000011001000101111
00000000000000000011001101010101
00000000000000000001101101010111
00000000000000000010101110100101
00000000000000000001000011001101
00000000000000000000110101100101
00000000000000000000011100010101
00000000000000000001010000011001
00000000000000001011011110000011
00000000000000001000101100111001
00000000000000001011000000010001
00000000000000000100101101100001
00000000000000001000010111101111
00000000000000000111100111110111
00000000000000000010100110111101
00000000000000001100111001010001
00000000000000000011101101101110
00000000000000000011001100100000
00000000000000000001100100011101
00000000000000000100000111000011
00000000000000000001000111010100
00000000000000000001001101001011
00000000000000000000111010100001
00000000000000000001010010100100
00000000000000001011001111001101
00000000000000001011110010011100
00000000000000001011100010101011
00000000000000001010101101101011
00000000000000000111111001100100
00000000000000000101100001111111
00000000000000001001000000011000
00000000000000000010100101110111
00000000000000000010111010000011
00000000000000000010000101001110
00000000000000000011001100100000
00000000000000000001010010111111
00000000000000000001011001111100
00000000000000000001010000101000
00000000000000000000110110001110
00000000000000000000110001010010
00000000000000000100111110010001
00000000000000001101011011110101
00000000000000001111011000011110
00000000000000001000101011001011
00000000000000001001000001001000
00000000000000001000011011110100
00000000000000000101000101100101
00000000000000000110000011101000
00000000000000000010001110011100
00000000000000000010110100011000
00000000000000000010100100110110
00000000000000000001111101101110
00000000000000000000100010110101
00000000000000000000110001010110
00000000000000000001000011111110
00000000000000000000101011011011
00000000000000001001000111011111
00000000000000001000011111001101
00000000000000000011010010000101
00000000000000001101001111101111
00000000000000001010011110100110
00000000000000001101110000100100
00000000000000000100010010111111
00000000000000000111000010001001
00000000000000000011001011100000
00000000000000000100101111101010
00000000000000000001111000111101
00000000000000000011000000110110
00000000000000000001000001010011
00000000000000000001011010110110
00000000000000000000101100000111
00000000000000000000111000001010
00000000000000000111101100100110
00000000000000001001000011011011
00000000000000000111000001101000
00000000000000001000111100111100
00000000000000000110101110010101
00000000000000001000010010100010
00000000000000000100011000001000
00000000000000000001101001001000
00000000000000000001110011001010
00000000000000000011000111001101
00000000000000000001100001011011
00000000000000000001011010100000
00000000000000000000110111010010
00000000000000000001010000111110
00000000000000000001000010010010
00000000000000000000110100010010
00000000000000001100001111001010
00000000000000000110101000111101
00000000000000001010001001100010
00000000000000001100000000001001
00000000000000001011100011110110
00000000000000001010010100010110
00000000000000000111100000111001
00000000000000001011111110111110
00000000000000000011100111011010
00000000000000000011110110011110
00000000000000000010011000111110
00000000000000000100001000100101
00000000000000000001100011000011
00000000000000000000111111000001
00000000000000000001001100011001
00000000000000000001100000110001
00000000000000000100010101001101
00000000000000001011001000111010
00000000000000000101011111001011
00000000000000001110010100010100
00000000000000000111110110010101
00000000000000000110100100010111
00000000000000001100011001101110
00000000000000001010001011010010
00000000000000000010101010100111
00000000000000000010101100001110
00000000000000000010111100000010
00000000000000000011101101111011
00000000000000000000110110000001
00000000000000000001010001011010
00000000000000000000110000101100
00000000000000000001100100111011
00000000000000001010010010100011
00000000000000000010101001111101
00000000000000001011000101010110
00000000000000000100111011111100
00000000000000000100000111000000
00000000000000000100011001000111
00000000000000001000100110011110
00000000000000001000010001000000
00000000000000000001101110110011
00000000000000000010010001100010
00000000000000000010111001010001
00000000000000000001110110101001
00000000000000000000110111001000
00000000000000000000110101111001
00000000000000000001001000110110
00000000000000000000011001100101
00000000000000001001100000110110
00000000000000001010110101111010
00000000000000000110001100001111
00000000000000001000000010101001
00000000000000001100001101110000
00000000000000001001000110010110
00000000000000001100110100001000
00000000000000001001111011000101
00000000000000000100100110010101
00000000000000000011011101101011
00000000000000000011011011100100
00000000000000000011000011111011
00000000000000000001011101101000
00000000000000000000111100101110
00000000000000000000110110110001
00000000000000000001001000100000
00000000000000000110100001110001
00000000000000001100110101101111
00000000000000001110110001100011
00000000000000001110111010100111
00000000000000000110000111000001
00000000000000000101111110010001
00000000000000001011000010010001
00000000000000000101101000011101
00000000000000000010010010100001
00000000000000000010101101100110
00000000000000000011111100010100
00000000000000000010110111001100
00000000000000000000101101011011
00000000000000000001001110010111
00000000000000000001100000100010
00000000000000000001010011100001
00000000000000001011011001100000
00000000000000000101001110001111
00000000000000001100110111011110
00000000000000001100111011011010
00000000000000000101110110010101
00000000000000001000100111110110
00000000000000000100010110001111
00000000000000001101010101100010
00000000000000000010001111010110
00000000000000000011011100001010
00000000000000000010011101010001
00000000000000000100100010110100
00000000000000000000110011011010
00000000000000000001010001110101
00000000000000000001001000011110
00000000000000000001010011111100
00000000000000000111110111011011
00000000000000000111100101111010
00000000000000000110011001010110
00000000000000000111101001100010
00000000000000001000000001111001
00000000000000001001010000100000
00000000000000001000001111001111
00000000000000001100010001111001
00000000000000000010111101010100
00000000000000000011001101111101
00000000000000000001011110101110
00000000000000000011101100100010
00000000000000000000110001110111
00000000000000000001001010010010
00000000000000000000011010001100
00000000000000000000110100000111
00000000000000000101101000000000
00000000000000001000100110100111
00000000000000001000101011000011
00000000000000001011000101111100
00000000000000001100110101011000
00000000000000001011001101101111
00000000000000001011110000100000
00000000000000001010011000000010
00000000000000000100000011001101
00000000000000000011100010101001
00000000000000000011111110011100
00000000000000000011000101100111
00000000000000000001000010110001
00000000000000000000111010001111
00000000000000000001010010001001
00000000000000000001001011000100
00000000000000001001100011110000
00000000000000001000000101100001
00000000000000001010001100000011
00000000000000001101000100000010
00000000000000001010011011001111
00000000000000001000010111001101
00000000000000000111000111100011
00000000000000001100000011001101
00000000000000000011011110000000
00000000000000000011001010000010
00000000000000000010010001000110
00000000000000000011001100110010
00000000000000000001010110100001
00000000000000000001000110111010
00000000000000000000101000010011
00000000000000000000111111000010
00000000000000000111011100001110
00000000000000000111101010001111
00000000000000000101010100001001
00000000000000001010110010011100
00000000000000000010010111011111
00000000000000001100101101111001
00000000000000000101110110111001
00000000000000000101001111010111
00000000000000000001011011101111
00000000000000000011101000001100
00000000000000000010000010111010
00000000000000000010000001001000
00000000000000000000010101101001
00000000000000000001000101101100
00000000000000000000100010001010
00000000000000000000111010111101
00000000000000001011111001010101
00000000000000001011000010001001
00000000000000001010001110000001
00000000000000001010010010011100
00000000000000000011110111110111
00000000000000001100000111001110
00000000000000001011110010010010
00000000000000000111001001001110
00000000000000000001111001101000
00000000000000000011100000000101
00000000000000000011011101000001
00000000000000000010100101010010
00000000000000000000100100101110
00000000000000000001001101100110
00000000000000000000111001000000
00000000000000000000111100001010
00000000000000000001100110101011
00000000000000000101100110000010
00000000000000000010000100011101
00000000000000000101011101011001
00000000000000000101101101010010
00000000000000000110110111010110
00000000000000000110111011001001
00000000000000001101001101110011
00000000000000000010010010101011
00000000000000000010011101111110
00000000000000000010000101101101
00000000000000000011010110010111
00000000000000000001000111110010
00000000000000000000110000011100
00000000000000000000101111001001
00000000000000000001000001100101
00000000000000001110011001010000
00000000000000000110100011100101
00000000000000000110100110100011
00000000000000001100001100110101
00000000000000001101011101000010
00000000000000001100100101110010
00000000000000001001010000011001
00000000000000000100111001101000
00000000000000000100100001101111
00000000000000000011110010111100
00000000000000000010101001110110
00000000000000000001111111001111
00000000000000000001100000000001
00000000000000000001000010010011
00000000000000000001001111111110
00000000000000000000100011100001
00000000000000001000011111111010
00000000000000000110010001010100
00000000000000000101100101101111
00000000000000001001110111110110
00000000000000000111000000000001
00000000000000000101111011110110
00000000000000001011010001101001
00000000000000001010000010110100
00000000000000000001110100111100
00000000000000000010001001110101
00000000000000000011101001110010
00000000000000000011011011001110
00000000000000000000111001101011
00000000000000000000111111111010
00000000000000000001010011100101
00000000000000000001001101100001
00000000000000001110000111010011
00000000000000001011111100110011
00000000000000000001101010010011
00000000000000001010011000101001
00000000000000000101011110011011
00000000000000001010000000011010
00000000000000001000001001100110
00000000000000001100101010100001
00000000000000000010001001111111
00000000000000000010111110110111
00000000000000000010100100001001
00000000000000000011100111010101
00000000000000000001000000101010
00000000000000000000111001111000
00000000000000000000110010011000
00000000000000000001000001010001
00000000000000000111111010010000
00000000000000000111101000110101
00000000000000000100010111011101
00000000000000001001101101010101
00000000000000000100101000010100
00000000000000000111011101110010
00000000000000000110011010011111
00000000000000000101100100111011
00000000000000000010110001011011
00000000000000000010101011101111
00000000000000000001110101101101
00000000000000000010000000011001
00000000000000000001000011011011
00000000000000000001010100100110
00000000000000000000110110011000
00000000000000000000111001100011
00000000000000001000100010000111
00000000000000001000111100001110
00000000000000001000000000110010
00000000000000001000101001011010
00000000000000001010000111100111
00000000000000001000110011010010
00000000000000001011111001011011
00000000000000001100111100001001
00000000000000000011000010000010
00000000000000000010110111100000
00000000000000000011111010001001
00000000000000000011111100100100
00000000000000000000111101110111
00000000000000000000111100001010
00000000000000000001001011010010
00000000000000000000111110011100
00000000000000001001100101111000
00000000000000000110011101010000
00000000000000001110010001000101
00000000000000000111011100000100
00000000000000001001000101110010
00000000000000000111100001101000
00000000000000001000111011000100
00000000000000000110000000111100
00000000000000000011111101010101
00000000000000000010110001100111
00000000000000000011001011000011
00000000000000000001011010011100
00000000000000000001010101011100
00000000000000000000101110110010
00000000000000000000111111011001
00000000000000000000101000011101
00000000000000001011001110100001
00000000000000001100101101110010
00000000000000000101111001111010
00000000000000001000110100100100
00000000000000000100110011010111
00000000000000001101010111000001
00000000000000001110011010000011
00000000000000000100101010101110
00000000000000000010000110000111
00000000000000000011110100010110
00000000000000000100100111111001
00000000000000000010000011110001
00000000000000000001000000001000
00000000000000000001001010101111
00000000000000000001011111101001
00000000000000000000100111010111
00000000000000001000011100000101
00000000000000001000010000101010
00000000000000001110011100110100
00000000000000001001110001100011
00000000000000001010101001111110
00000000000000001111110000110001
00000000000000001110011000001110
00000000000000001100000011101011
00000000000000000011101011111001
00000000000000000100011000101011
00000000000000000011101110100111
00000000000000000011110110010000
00000000000000000001011100011001
00000000000000000001000100001001
00000000000000000001000101000011
00000000000000000001000101000011
00000000000000000110011010101100
00000000000000000110010010010000
00000000000000000100101010001111
00000000000000001111001011000100
00000000000000000110111100111101
00000000000000001100000011110000
00000000000000000110011110100100
00000000000000000101111000111101
00000000000000000010111110100010
00000000000000000011010010011111
00000000000000000001111110110101
00000000000000000010001110010110
00000000000000000001001101000101
00000000000000000001010001100111
00000000000000000000101101010111
00000000000000000001001100010101
00000000000000000000110001111001
00000000000000001001011110010110
00000000000000001000111011101100
00000000000000000010001010010111
00000000000000000001010111011101
00000000000000000111100101000001
00000000000000000011111011010101
00000000000000001001101101110011
00000000000000000001100111010000
00000000000000000010011000000011
00000000000000000001011110010100
00000000000000000010011001101010
00000000000000000000100010110100
00000000000000000000111100100011
00000000000000000000011010010001
00000000000000000000100001011100
00000000000000001001011001001100
00000000000000000111001111010101
00000000000000001010010010001001
00000000000000001100100111100000
00000000000000000110011101100010
00000000000000001011100000001001
00000000000000001111010100100011
00000000000000001001011001010001
00000000000000000010000010100110
00000000000000000011010011100100
00000000000000000100011010101001
00000000000000000010100000010010
00000000000000000000101010101110
00000000000000000000111001100011
00000000000000000000111110100101
00000000000000000001000100100011
00000000000000000111111111011000
00000000000000001110110010000000
00000000000000001000100010100011
00000000000000001010110110001110
00000000000000000111001001001011
00000000000000001110011011111001
00000000000000000111111101111100
00000000000000000111000101010100
00000000000000000010101110001111
00000000000000000100001101011010
00000000000000000011001001001100
00000000000000000001101110100100
00000000000000000001010101010011
00000000000000000001001001000011
00000000000000000001010101100001
00000000000000000000111000110001
00000000000000001000001000101010
00000000000000000101011111100100
00000000000000000101010001000110
00000000000000001000001111011100
00000000000000000011110111011000
00000000000000001100000001111111
00000000000000000101001111101110
00000000000000000010011101101100
00000000000000000001110001110111
00000000000000000011110011000110
00000000000000000010011101100101
00000000000000000001100111110010
00000000000000000000011101101101
00000000000000000001000001100010
00000000000000000001000010011011
00000000000000000000100001001001
00000000000000000111011110110011
00000000000000001100101001100100
00000000000000000111011110010000
00000000000000001110100110001100
00000000000000001010100111101110
00000000000000001000111111101011
00000000000000001011100011101010
00000000000000001010100110100111
00000000000000000011101100101001
00000000000000000010101100001100
00000000000000000011001111010111
00000000000000000010101110001010
00000000000000000001000110001110
00000000000000000000101000111010
00000000000000000001000101001110
00000000000000000000111010111100
00000000000000001010001011111011
00000000000000001000000000010011
00000000000000001101101101000100
00000000000000000100100101010110
00000000000000001010011000110100
00000000000000001010010001010001
00000000000000000111101001110001
00000000000000000111111000001101
00000000000000000011000011110100
00000000000000000011001110110110
00000000000000000011010101111101
00000000000000000011001011011101
00000000000000000000110101111110
00000000000000000000110001101111
00000000000000000001000001110010
00000000000000000001010101001011
00000000000000001010100011100001
00000000000000001010101000110000
00000000000000001001000100111111
00000000000000001100011110010111
00000000000000001000011111000001
00000000000000001100000001001110
00000000000000001100000010001000
00000000000000001010110011011010
00000000000000000001111001101101
00000000000000000011100100101001
00000000000000000011100010001000
00000000000000000011111001000101
00000000000000000000101010110000
00000000000000000001001011111111
00000000000000000001001001000111
00000000000000000001100011100100
